579396040525514121
579396040525841801
579396040525645193
579397993014592905
579442187891672457
579442187891541385
579442261116159369
579442261115962761
579454974201988489
579454974201791881
579469973471200649
579493595974567305
579493595975091593
579493595975222665
579494084932502921
579494127728231817
579495010169816457
579495010169226633
579495118053803401
579496285291120009
579497617506338185
579502172373747081
579502222951679369
579504462765917577
579504462765720969
INV/20250523/MPL/45426827198